110	
346	
362	
342	
338	
322	
300	
300	
362	
332	
278	
366	
362	
368	
350	
292	
338	
350	
368	
80	
-262	
362	
350	
360	
62	
-134	
-48	
358	
-358	
346	
332	
354	
360	
340	
350	
356	
4	
240	
326	
356	
348	
330	
92	
352	
240	
346	
338	
352	
346	
-28	
334	
308	
300	
-246	
354	
280	
126	
306	
244	
304	
214	
348	
366	
318	
356	
358	
362	
196	
84	
372	
186	
348	
322	
334	
138	
60	
230	
336	
348	
-36	
356	
348	
286	
20	
346	
250	
352	
-328	
-64	
-336	
-286	
348	
346	
80	
360	
360	
122	
344	
110	
-168	
204	
324	
350	
358	
194	
348	
360	
226	
320	
-368	
338	
-182	
340	
254	
278	
312	
334	
354	
-352	
190	
256	
356	
294	
-334	
360	
354	
360	
354	
340	
-366	
186	
348	
320	
-188	
110	
364	
352	
148	
-98	
362	
346	
352	
364	
-84	
356	
284	
-78	
-164	
352	
-200	
-132	
356	
344	
346	
354	
352	
352	
320	
336	
-248	
352	
140	
318	
4	
252	
-68	
-310	
220	
340	
338	
150	
-126	
342	
356	
328	
362	
344	
358	
-264	
346	
300	
298	
226	
332	
184	
360	
354	
-174	
-336	
-362	
302	
-116	
340	
320	
346	
148	
344	
116	
164	
368	
352	
184	
336	
354	
208	
-360	
344	
2	
324	
348	
354	
-330	
52	
364	
352	
278	
366	
344	
248	
350	
124	
-108	
-348	
354	
-10	
346	
342	
150	
342	
356	
362	
334	
346	
346	
344	
178	
350	
134	
308	
330	
370	
352	
360	
362	
120	
356	
314	
356	
346	
314	
314	
192	
346	
316	
-144	
324	
350	
368	
-270	
8	
372	
300	
162	
324	
102	
314	
350	
298	
330	
342	
340	
326	
356	
-312	
342	
172	
-54	
10	
-44	
302	
314	
298	
350	
314	
198	
-66	
316	
286	
-94	
368	
-26	
346	
-358	
-370	
322	
358	
134	
334	
326	
168	
340	
350	
-100	
-328	
362	
-270	
-40	
-352	
334	
342	
366	
362	
62	
184	
306	
-108	
244	
362	
-230	
180	
356	
356	
362	
354	
348	
326	
330	
352	
158	
-198	
358	
24	
30	
-174	
142	
358	
346	
-106	
334	
350	
186	
-30	
294	
170	
-2	
314	
324	
78	
240	
-342	
348	
334	
196	
250	
356	
-346	
64	
360	
306	
356	
296	
342	
-186	
352	
358	
-74	
360	
352	
346	
360	
320	
-168	
50	
354	
316	
338	
248	
350	
304	
166	
284	
-168	
322	
298	
328	
58	
358	
-52	
356	
346	
-342	
-34	
-368	
294	
278	
206	
358	
130	
348	
162	
354	
-122	
-316	
-40	
340	
360	
166	
-288	
346	
-354	
90	
-340	
338	
358	
232	
348	
8	
346	
334	
370	
140	
304	
344	
346	
218	
-122	
334	
342	
318	
154	
340	
352	
312	
62	
352	
164	
352	
48	
326	
334	
-268	
304	
338	
316	
352	
332	
-94	
356	
246	
264	
332	
338	
-372	
-262	
-346	
370	
110	
354	
344	
72	
350	
336	
354	
360	
350	
-144	
290	
362	
352	
54	
-372	
-358	
-34	
156	
272	
294	
-208	
-196	
186	
4	
350	
178	
358	
346	
266	
62	
354	
-96	
194	
362	
346	
358	
344	
298	
-356	
144	
362	
346	
344	
344	
320	
364	
58	
300	
356	
360	
352	
334	
336	
360	
356	
-360	
-72	
366	
324	
276	
338	
-70	
352	
358	
358	
348	
328	
106	
362	
158	
350	
310	
58	
332	
164	
288	
360	
98	
338	
356	
360	
240	
358	
186	
124	
-24	
156	
322	
354	
352	
214	
-186	
350	
354	
344	
358	
180	
170	
356	
-340	
346	
364	
228	
364	
286	
348	
338	
154	
34	
224	
338	
364	
-106	
346	
340	
348	
254	
364	
348	
336	
344	
-334	
80	
362	
136	
320	
342	
338	
-358	
322	
-116	
350	
366	
360	
-336	
358	
-364	
356	
-334	
350	
-66	
136	
-346	
354	
314	
190	
350	
-328	
-226	
312	
230	
-30	
366	
352	
332	
344	
328	
310	
330	
24	
4	
340	
228	
358	
362	
366	
28	
364	
356	
6	
340	
368	
336	
332	
312	
338	
-18	
298	
352	
-358	
362	
230	
360	
342	
30	
364	
344	
-168	
350	
320	
362	
234	
350	
364	
352	
348	
-288	
356	
-286	
352	
-92	
306	
362	
344	
358	
352	
362	
354	
354	
354	
358	
-294	
348	
-332	
306	
340	
354	
338	
266	
320	
252	
334	
140	
320	
350	
358	
-60	
334	
326	
200	
362	
334	
356	
362	
182	
342	
242	
-24	
346	
322	
332	
-230	
364	
230	
354	
-348	
116	
290	
348	
362	
92	
366	
-30	
328	
-88	
322	
368	
-328	
364	
346	
348	
324	
-126	
346	
62	
-210	
158	
356	
210	
350	
340	
118	
204	
340	
298	
360	
350	
-154	
356	
360	
350	
352	
192	
346	
354	
358	
310	
344	
330	
344	
354	
330	
354	
-52	
340	
20	
344	
336	
-262	
230	
356	
348	
322	
80	
350	
354	
256	
246	
322	
358	
32	
302	
138	
360	
208	
96	
-268	
350	
326	
116	
334	
98	
-278	
350	
366	
156	
350	
358	
356	
168	
196	
336	
356	
282	
316	
360	
342	
356	
26	
338	
-138	
316	
362	
86	
258	
160	
258	
-178	
348	
256	
364	
286	
330	
-48	
-188	
360	
336	
-236	
362	
358	
340	
-76	
364	
-16	
-120	
308	
330	
-28	
364	
352	
352	
0	
348	
150	
222	
358	
344	
122	
354	
346	
350	
358	
352	
362	
150	
318	
-142	
344	
350	
352	
302	
350	
288	
358	
370	
276	
310	
340	
310	
284	
310	
358	
354	
360	
336	
326	
362	
352	
322	
220	
348	
134	
96	
322	
-208	
16	
338	
278	
316	
292	
336	
322	
232	
322	
338	
336	
348	
356	
336	
328	
12	
174	
-120	
-370	
92	
348	
248	
344	
340	
362	
100	
350	
332	
174	
344	
330	
-26	
-330	
342	
-292	
-298	
-2	
350	
364	
348	
98	
246	
360	
150	
216	
360	
32	
360	
332	
54	
34	
348	
74	
362	
-360	
336	
368	
192	
320	
94	
352	
310	
-10	
346	
364	
368	
350	
356	
270	
350	
272	
348	
344	
352	
340	
184	
340	
340	
210	
322	
362	
352	
198	
330	
332	
338	
338	
362	
364	
222	
356	
-118	
266	
-344	
262	
288	
352	
344	
-122	
366	
-30	
280	
-274	
-258	
266	
90	
-326	
220	
350	
360	
220	
352	
332	
344	
168	
328	
360	
364	
332	
0	
364	
342	
358	
350	
328	
360	
324	
92	
324	
336	
-166	
354	
-22	
334	
310	
322	
360	
350	
208	
96	
354	
362	
316	
126	
210	
-358	
338	
-254	
366	
314	
82	
338	
12	
240	
346	
144	
360	
-194	
324	
-98	
266	
306	
336	
362	
354	
358	
146	
-332	
76	
344	
-26	
342	
354	
186	
350	
336	
126	
-366	
350	
18	
-118	
358	
-36	
170	
246	
-148	
344	
324	
242	
-364	
214	
138	
358	
298	
172	
-28	
160	
356	
354	
-372	
336	
156	
352	
234	
318	
-348	
314	
260	
356	
74	
-338	
352	
342	
-258	
322	
350	
358	
286	
350	
348	
342	
306	
354	
330	
288	
356	
266	
-88	
360	
-132	
318	
338	
318	
364	
358	
368	
360	
-204	
246	
-16	
348	
-354	
-54	
356	
334	
342	
308	
280	
-78	
318	
370	
80	
296	
142	
208	
116	
334	
338	
342	
332	
202	
-368	
344	
360	
322	
30	
-2	
362	
226	
208	
350	
336	
-46	
350	
-14	
-342	
82	
338	
-334	
-52	
352	
-280	
348	
300	
300	
80	
-236	
328	
306	
-18	
324	
34	
258	
346	
364	
-26	
350	
342	
-234	
354	
258	
330	
134	
350	
356	
44	
88	
-116	
320	
362	
166	
344	
348	
96	
340	
350	
346	
336	
208	
356	
342	
360	
350	
354	
354	
52	
-30	
330	
332	
316	
-4	
288	
-224	
336	
310	
328	
364	
364	
318	
360	
-288	
344	
272	
338	
360	
252	
334	
352	
80	
-132	
356	
344	
206	
362	
354	
338	
320	
248	
350	
296	
326	
324	
364	
370	
344	
-346	
336	
354	
338	
350	
356	
352	
358	
186	
274	
178	
314	
362	
-290	
326	
-256	
-104	
164	
-240	
350	
338	
358	
342	
334	
364	
-312	
146	
-348	
132	
-72	
364	
328	
160	
288	
324	
-78	
352	
332	
332	
304	
344	
326	
58	
336	
-104	
192	
-262	
-2	
68	
92	
272	
230	
342	
290	
146	
342	
352	
-34	
356	
350	
154	
304	
-14	
324	
362	
352	
-230	
246	
-352	
364	
364	
34	
314	
82	
350	
356	
326	
188	
336	
332	
308	
10	
-10	
148	
338	
354	
344	
-354	
342	
350	
-114	
358	
-108	
364	
350	
354	
362	
362	
-368	
266	
338	
338	
344	
336	
306	
72	
214	
344	
342	
-256	
356	
-6	
360	
342	
342	
276	
356	
-366	
208	
-358	
354	
282	
202	
360	
350	
274	
364	
344	
322	
302	
360	
160	
354	
360	
330	
356	
338	
348	
368	
342	
342	
-290	
364	
304	
326	
354	
256	
200	
348	
318	
354	
316	
320	
300	
-66	
102	
336	
364	
354	
312	
328	
356	
80	
258	
-228	
-218	
-106	
-116	
326	
294	
-260	
108	
-354	
364	
-176	
-360	
156	
188	
224	
346	
-34	
340	
176	
-62	
288	
34	
318	
132	
366	
338	
150	
348	
316	
-348	
236	
346	
350	
360	
354	
346	
304	
-30	
330	
354	
-244	
256	
-300	
354	
358	
-272	
346	
-360	
356	
306	
-74	
-326	
138	
360	
242	
-354	
172	
-342	
-222	
348	
16	
354	
308	
360	
86	
370	
274	
-46	
-76	
354	
334	
356	
-62	
340	
36	
218	
268	
132	
304	
230	
356	
288	
360	
152	
334	
348	
334	
344	
356	
332	
362	
336	
188	
248	
276	
300	
362	
-204	
340	
292	
342	
-78	
364	
22	
124	
350	
-232	
348	
-70	
354	
346	
-334	
356	
354	
-224	
-58	
62	
-356	
330	
344	
360	
-118	
184	
258	
318	
294	
356	
-78	
120	
146	
340	
358	
-296	
322	
94	
210	
158	
318	
-118	
324	
358	
148	
296	
334	
148	
332	
-342	
360	
352	
366	
316	
258	
354	
296	
356	
-176	
340	
360	
332	
254	
364	
274	
358	
-320	
-360	
350	
102	
310	
324	
364	
360	
362	
-128	
278	
264	
-110	
330	
344	
362	
-204	
326	
352	
332	
354	
336	
350	
-320	
212	
334	
342	
236	
330	
242	
350	
368	
276	
350	
4	
326	
-366	
330	
-236	
294	
206	
368	
362	
-44	
332	
12	
340	
246	
-194	
346	
164	
260	
344	
-188	
198	
290	
342	
356	
38	
54	
260	
-356	
112	
66	
354	
352	
356	
286	
360	
342	
-356	
342	
354	
360	
-344	
-108	
350	
350	
324	
356	
-364	
368	
336	
306	
348	
364	
366	
366	
344	
340	
100	
338	
150	
362	
338	
322	
364	
48	
348	
6	
256	
338	
158	
336	
-72	
362	
354	
356	
-10	
124	
322	
350	
240	
324	
-332	
292	
342	
358	
296	
312	
-204	
354	
358	
354	
354	
350	
248	
288	
-228	
-348	
-272	
366	
368	
-42	
248	
30	
338	
326	
54	
258	
88	
332	
128	
-6	
178	
332	
364	
356	
306	
210	
324	
212	
346	
270	
-352	
354	
352	
-94	
326	
-306	
152	
342	
346	
70	
348	
336	
360	
322	
-352	
364	
346	
-16	
340	
340	
-248	
318	
92	
312	
362	
364	
360	
142	
344	
86	
272	
168	
360	
72	
362	
324	
62	
328	
358	
350	
348	
342	
364	
348	
74	
278	
346	
272	
346	
-158	
338	
-356	
258	
222	
340	
348	
340	
102	
116	
146	
136	
360	
-246	
-84	
348	
334	
352	
340	
148	
332	
338	
328	
338	
368	
40	
356	
340	
-40	
286	
358	
358	
-346	
142	
368	
348	
346	
364	
326	
348	
-348	
294	
-98	
138	
358	
80	
334	
354	
342	
208	
348	
354	
334	
348	
68	
352	
340	
356	
350	
350	
344	
-296	
346	
-106	
138	
366	
340	
-362	
242	
344	
354	
300	
348	
26	
352	
336	
118	
330	
356	
370	
328	
354	
330	
-192	
-322	
356	
332	
-186	
332	
358	
336	
298	
90	
308	
364	
312	
338	
344	
284	
164	
322	
-6	
-30	
-226	
130	
18	
350	
344	
-98	
362	
326	
-268	
316	
240	
340	
90	
310	
328	
354	
310	
324	
342	
326	
-76	
-170	
334	
352	
362	
354	
312	
362	
356	
328	
364	
364	
344	
-264	
186	
332	
338	
352	
362	
-248	
360	
154	
358	
356	
348	
-96	
-154	
364	
352	
318	
338	
294	
178	
304	
354	
336	
136	
356	
20	
352	
276	
224	
-252	
190	
190	
90	
360	
322	
188	
6	
358	
358	
350	
356	
306	
348	
346	
364	
-82	
352	
30	
352	
24	
30	
-178	
316	
30	
-374	
334	
166	
350	
358	
42	
348	
-66	
302	
6	
342	
158	
64	
-366	
152	
338	
152	
302	
240	
320	
218	
354	
274	
328	
360	
214	
-340	
350	
324	
346	
302	
326	
350	
86	
44	
358	
322	
350	
316	
364	
348	
350	
-94	
208	
350	
306	
12	
318	
236	
166	
366	
-166	
230	
322	
318	
230	
-360	
360	
336	
308	
-290	
-116	
328	
340	
-256	
352	
226	
-44	
300	
366	
362	
338	
350	
362	
348	
348	
364	
82	
368	
320	
-352	
-86	
352	
358	
352	
360	
-338	
360	
318	
340	
358	
342	
320	
194	
336	
-362	
56	
344	
354	
304	
-374	
364	
342	
346	
356	
272	
340	
-352	
356	
356	
350	
326	
324	
356	
338	
358	
362	
272	
146	
26	
-100	
326	
312	
-82	
340	
142	
346	
-302	
24	
366	
44	
334	
330	
268	
58	
366	
336	
-30	
314	
364	
356	
366	
330	
-354	
192	
356	
-336	
64	
178	
116	
254	
350	
358	
358	
372	
360	
352	
294	
338	
354	
346	
338	
322	
44	
308	
344	
358	
308	
342	
360	
316	
356	
358	
348	
328	
-356	
-144	
368	
354	
224	
-120	
340	
36	
330	
334	
250	
-362	
204	
322	
-152	
164	
340	
344	
268	
98	
322	
-92	
16	
340	
360	
-186	
128	
342	
338	
-212	
306	
342	
356	
346	
228	
358	
372	
340	
76	
250	
268	
-104	
350	
366	
12	
-138	
172	
-200	
-26	
350	
364	
342	
-290	
354	
-348	
338	
356	
356	
364	
-372	
350	
278	
364	
340	
352	
360	
212	
316	
-8	
352	
30	
290	
348	
292	
368	
350	
358	
-10	
118	
182	
326	
-166	
324	
356	
102	
42	
-148	
358	
364	
358	
350	
-14	
362	
338	
346	
330	
362	
-182	
356	
328	
348	
340	
-236	
258	
350	
356	
350	
350	
350	
-308	
198	
336	
166	
-80	
328	
348	
362	
352	
364	
304	
316	
210	
338	
342	
348	
10	
358	
260	
-220	
-330	
326	
362	
-150	
346	
344	
340	
258	
364	
334	
-192	
-154	
164	
340	
352	
350	
-30	
312	
360	
-364	
344	
368	
-240	
284	
340	
-74	
354	
-112	
304	
360	
348	
-96	
316	
298	
362	
292	
350	
342	
-96	
152	
348	
10	
360	
340	
318	
-158	
240	
246	
152	
362	
362	
306	
298	
342	
350	
346	
334	
362	
312	
324	
366	
368	
354	
310	
268	
274	
-356	
164	
298	
-60	
348	
350	
318	
340	
360	
20	
360	
-318	
220	
314	
358	
-148	
368	
350	
360	
-242	
336	
354	
290	
328	
320	
352	
296	
354	
358	
334	
134	
346	
-44	
126	
324	
-104	
334	
-260	
274	
162	
-338	
4	
340	
344	
336	
366	
-366	
348	
-84	
356	
360	
364	
346	
340	
14	
340	
352	
-18	
354	
364	
350	
-252	
322	
360	
350	
304	
-346	
184	
-322	
-130	
82	
248	
336	
-142	
362	
-340	
88	
326	
316	
184	
354	
350	
368	
346	
328	
-296	
354	
-354	
346	
-64	
362	
164	
324	
60	
354	
358	
-24	
336	
306	
344	
358	
332	
98	
244	
256	
78	
-348	
306	
342	
-2	
340	
242	
342	
338	
-334	
358	
364	
254	
356	
342	
370	
116	
232	
186	
336	
138	
104	
360	
326	
-68	
240	
-158	
352	
250	
118	
-368	
74	
348	
320	
314	
78	
354	
238	
340	
252	
346	
342	
266	
326	
314	
328	
-24	
-300	
-308	
-20	
354	
336	
356	
318	
372	
16	
122	
178	
324	
-52	
-88	
310	
-50	
96	
242	
262	
222	
350	
356	
358	
-32	
306	
176	
364	
350	
18	
306	
-220	
322	
360	
-178	
366	
294	
-330	
356	
340	
350	
330	
-218	
346	
332	
342	
202	
360	
158	
116	
358	
212	
-218	
348	
348	
328	
248	
82	
346	
360	
328	
148	
-144	
326	
344	
-52	
-240	
360	
218	
360	
-52	
-24	
326	
24	
-294	
360	
360	
340	
348	
332	
372	
-344	
348	
46	
342	
332	
358	
328	
354	
348	
358	
232	
366	
298	
326	
-142	
340	
338	
322	
-24	
352	
352	
346	
-12	
354	
106	
294	
262	
-170	
100	
364	
358	
34	
182	
196	
348	
366	
322	
104	
162	
352	
358	
16	
368	
242	
84	
340	
354	
-128	
270	
-52	
128	
114	
360	
330	
14	
342	
128	
-378	
366	
284	
326	
350	
-346	
-48	
238	
192	
340	
340	
370	
312	
-16	
262	
348	
120	
360	
354	
368	
354	
324	
308	
-312	
350	
-92	
-288	
140	
328	
356	
354	
358	
342	
358	
294	
356	
370	
360	
344	
320	
360	
180	
60	
34	
182	
326	
250	
242	
366	
350	
-364	
-292	
364	
354	
352	
344	
332	
358	
270	
346	
346	
280	
326	
-316	
346	
318	
34	
360	
360	
300	
-328	
338	
348	
50	
344	
362	
144	
170	
-336	
312	
116	
-44	
266	
358	
-96	
300	
98	
298	
-48	
-368	
344	
334	
-30	
-54	
228	
346	
350	
244	
312	
362	
338	
200	
222	
338	
348	
342	
366	
2	
324	
-196	
328	
356	
330	
40	
-360	
352	
360	
252	
322	
354	
154	
262	
344	
122	
200	
348	
-332	
-342	
254	
-156	
-134	
338	
318	
128	
276	
348	
68	
354	
354	
124	
324	
184	
352	
354	
348	
370	
348	
360	
194	
312	
358	
58	
364	
328	
342	
334	
360	
186	
368	
126	
182	
318	
-226	
278	
140	
336	
346	
-8	
356	
332	
350	
-6	
314	
128	
146	
328	
354	
352	
346	
350	
362	
156	
246	
346	
354	
340	
360	
352	
332	
372	
130	
356	
356	
354	
332	
332	
310	
336	
0	
-16	
-146	
352	
324	
346	
-374	
-12	
-334	
362	
-370	
320	
334	
-116	
164	
-364	
126	
-228	
364	
348	
338	
304	
350	
348	
344	
-222	
-332	
360	
340	
-366	
-136	
348	
338	
250	
-148	
346	
272	
332	
-346	
338	
358	
352	
-362	
332	
-280	
282	
292	
354	
330	
330	
358	
38	
-62	
366	
342	
-114	
266	
310	
242	
252	
356	
50	
338	
262	
304	
340	
364	
128	
188	
330	
334	
164	
276	
324	
358	
-302	
340	
358	
256	
186	
352	
342	
342	
342	
362	
4	
238	
348	
356	
344	
-204	
354	
314	
320	
362	
352	
-74	
354	
-360	
346	
332	
-360	
-86	
324	
-174	
88	
354	
332	
336	
98	
220	
60	
200	
346	
362	
348	
-4	
346	
280	
134	
352	
52	
362	
316	
206	
350	
348	
364	
-190	
-132	
362	
344	
324	
250	
334	
-58	
314	
-374	
362	
-80	
-74	
332	
356	
144	
32	
324	
-364	
352	
362	
280	
-66	
130	
-360	
-116	
352	
242	
28	
360	
