40 33    9 25    34 29    11 5    36 19    
39 34    
38 35    
38 36    
38 37    
37 38    
38 38    
38 39    
38 0    
38 39    
37 0    
36 1    
36 1    
35 2    
34 3    
34 3    
33 4    
34 4    
34 5    
35 5    
36 5    
36 4    
36 5    
35 6    
35 7    
35 8    
34 9    
35 9    
35 8    
35 7    
34 7    
34 6    
34 7    
34 7    
34 7    
33 8    
32 9    
32 10    
31 11    
31 11    
32 11    
32 12    
32 13    
32 12    
32 11    
32 10    
32 11    
31 12    
30 13    
30 13    
29 14    
8 26    
7 27    
8 27    
8 28    
9 28    
8 29    
7 30    
8 30    
9 30    
9 31    
10 31    
9 32    
10 32    
10 31    
11 31    
11 32    
11 33    
11 34    
11 35    
10 36    
9 37    
9 37    
10 37    
11 37    
11 38    
11 39    
11 38    
11 39    
12 39    
11 0    
11 1    
10 2    
10 3    
9 4    
10 4    
10 5    
9 6    
10 6    
11 6    
12 6    
12 5    
12 6    
12 5    
12 4    
11 4    
10 5    
10 6    
10 6    
10 6    
11 6    
35 29    
35 30    
35 29    
36 29    
37 29    
37 30    
38 30    
39 30    
38 31    
38 32    
38 31    
38 32    
38 31    
39 31    
0 31    
0 30    
0 29    
1 29    
0 30    
0 31    
0 32    
0 33    
0 32    
0 33    
0 32    
1 32    
0 33    
1 33    
2 33    
2 34    
2 33    
2 32    
3 32    
4 32    
3 33    
3 34    
4 34    
4 35    
4 34    
4 33    
5 33    
5 32    
5 33    
5 32    
6 32    
5 33    
5 33    
5 33    
4 34    
3 35    
12 5    
12 6    
12 7    
12 7    
12 8    
12 7    
13 7    
13 6    
13 7    
13 8    
13 9    
12 10    
12 10    
11 11    
12 11    
12 10    
12 11    
12 12    
13 12    
14 12    
15 12    
15 13    
16 13    
16 12    
16 13    
17 13    
16 14    
17 14    
18 14    
17 15    
17 16    
17 15    
18 15    
17 16    
18 16    
19 16    
19 17    
19 18    
18 19    
19 19    
19 18    
19 17    
19 18    
19 19    
19 20    
18 21    
19 21    
19 20    
19 19    
19 18    
36 18    
35 19    
35 19    
36 19    
35 20    
35 21    
34 22    
33 23    
33 24    
34 24    
35 24    
35 23    
34 24    
33 25    
33 26    
34 26    
34 27    
34 26    
35 26    
36 26    
36 25    
36 24    
36 23    
37 23    
37 22    
36 23    
36 23    
37 23    
37 24    
37 25    
38 25    
37 26    
37 27    
37 26    
37 26    
36 27    
37 27    
37 26    
38 26    
37 27    
37 27    
36 28    
37 28    
37 29    
37 28    
37 27    
37 27    
37 28    
37 29    
