
2705  0
2725  0
2664  0
2605  0
2633  0
2548  0
2493  0
2440  0
2493  0
2525  0
2561  0
2561  0
2601  0
2645  0
2645  0
2693  0
2600  0
2557  0
2466  0
2377  0
2420  0
2377  0
2425  0
2386  0
2349  0
2405  0
2314  0
2349  0
2386  0
2477  0
2516  0
2477  0
2477  0
2477  0
2533  0
2593  0
2560  0
2626  0
2626  0
2529  0
2500  0
2473  0
2500  0
2529  0
2560  0
2529  0
2597  0
2669  0
2669  0
2745  0
676  1
650  1
629  1
584  1
565  1
541  1
521  1
500  1
481  1
442  1
425  1
405  1
388  1
425  1
410  1
373  1
338  1
305  1
274  1
260  1
250  1
250  1
233  1
218  1
193  1
170  1
193  1
170  1
157  1
149  1
130  1
128  1
113  1
117  1
100  1
89  1
97  1
80  1
65  1
52  1
61  1
52  1
61  1
72  1
85  1
89  1
80  1
80  1
80  1
65  1
1930  2
1873  2
1930  2
1865  2
1802  2
1745  2
1684  2
1625  2
1629  2
1576  2
1629  2
1576  2
1629  2
1570  2
1513  2
1568  2
1625  2
1570  2
1568  2
1513  2
1460  2
1409  2
1460  2
1409  2
1460  2
1405  2
1409  2
1354  2
1301  2
1252  2
1301  2
1352  2
1301  2
1252  2
1250  2
1201  2
1152  2
1105  2
1152  2
1201  2
1154  2
1205  2
1154  2
1205  2
1160  2
1154  2
1154  2
1154  2
1152  2
1154  2
125  3
116  3
109  3
109  3
104  3
109  3
90  3
97  3
90  3
85  3
82  3
100  3
100  3
122  3
101  3
100  3
101  3
104  3
85  3
68  3
53  3
58  3
45  3
40  3
45  3
34  3
52  3
41  3
32  3
50  3
61  3
50  3
41  3
61  3
52  3
45  3
58  3
73  3
97  3
90  3
73  3
58  3
73  3
90  3
109  3
137  3
130  3
109  3
90  3
73  3
1696  4
1730  4
1730  4
1657  4
1693  4
1658  4
1700  4
1746  4
1717  4
1640  4
1565  4
1594  4
1640  4
1690  4
1665  4
1588  4
1565  4
1588  4
1513  4
1440  4
1465  4
1492  4
1521  4
1450  4
1481  4
1521  4
1521  4
1450  4
1421  4
1394  4
1325  4
1369  4
1346  4
1369  4
1369  4
1417  4
1346  4
1369  4
1300  4
1346  4
1346  4
1396  4
1325  4
1306  4
1325  4
1346  4
1346  4
1325  4
1306  4
