0.994417
0.989646
0.985533
0.979144
0.980536
0.974838
0.965507
0.965841
0.966226
0.960305
0.952845
0.947881
0.944935
0.93843
0.938174
0.930189
0.93522
0.929193
0.903824
0.912574
0.911692
0.899336
0.902607
0.898558
0.899199
0.900051
0.859667
0.886639
0.867382
0.876906
0.880735
0.867144
0.87
0.823936
0.862292
0.845267
0.835556
0.845491
0.831383
0.828164
0.821126
0.799656
0.830938
0.829445
0.766616
0.785262
0.800525
0.774329
0.790964
0.791055
0.778284
0.780867
0.772675
0.759902
0.771143
0.761105
0.739985
0.738065
0.73282
0.718643
0.732278
0.688751
0.664211
0.670958
0.696153
0.677716
0.692722
0.674466
0.645396
0.478405
0.617465
0.650194
0.581584
0.610095
0.583708
0.593325
0.508091
0.550892
0.474518
0.523546
0.43179
0.431821
0.518765
0.458418
0.343045
0.409784
0.372334
0.219229
0.281859
0.250862
0.274645
0.240321
0.237596
0.252941
0.223262
0.210941
0.212722
0.225572
0.20859
0.202538
0.203534
0.17205
0.206244
0.156722
0.166889
0.188139
0.20047
0.142509
0.151374
0.159876
0.144318
0.124684
0.148932
0.149233
0.140877
0.133753
0.120325
0.124497
0.113035
0.134202
0.109375
0.124613
0.119392
0.112893
0.105675
0.102293
0.111675
0.111225
0.10708
0.123938
0.108766
0.109822
0.101516
0.103036
0.0979733
0.114792
0.0986458
0.0924308
0.0957634
