5  0.2625
5  0.4
5  0.125
5  0.15
5  0.1875
10  0.1125
10  0.15
10  0.11875
10  0.1125
10  0.1
10  0.325
10  0.09375
10  0.1375
10  0.2125
10  0.24375
15  0.208333
15  0.0583333
15  0.175
15  0.0791667
15  0.075
15  0.0416667
15  0.0708333
15  0.1375
15  0.1
15  0.116667
15  0.254167
15  0.2625
15  0.254167
15  0.0166667
15  0.0333333
20  0.075
20  0.10625
20  0.059375
20  0.025
20  0.059375
20  0.13125
20  0.0625
20  0.046875
20  0.2375
20  0.1125
20  0.16875
20  0.00625
20  0.04375
20  0.140625
20  0.10625
20  0.103125
20  0.046875
20  0.084375
20  0.153125
20  0.140625
25  0.045
25  0.1
25  0.2425
25  0.2675
25  0.085
25  0.05
25  0.1275
25  0.0925
25  0.16
25  0.1725
25  0.015
25  0.03
25  0.0675
25  0.0175
25  0.025
25  0.1925
25  0.1325
25  0.025
25  0.11
25  0.0375
25  0.015
25  0.075
25  0.04
25  0.0075
25  0.07
30  0.266667
30  0.0645833
30  0.0333333
30  0.108333
30  0.0895833
30  0.0395833
30  0.0729167
30  0.0354167
30  0.01875
30  0.0291667
30  0.0875
30  0.0333333
30  0.1625
30  0.0520833
30  0.0395833
30  0.245833
30  0.0291667
30  0.13125
30  0.0854167
30  0.0666667
30  0.09375
30  0.172917
30  0.275
30  0.0479167
30  0.0875
30  0.141667
30  0.0729167
30  0.0666667
30  0.0979167
30  0.0875
35  0.1875
35  0.317857
35  0.108929
35  0.125
35  0.0482143
35  0.0642857
35  0.132143
35  0.0571429
35  0.1
35  0.171429
35  0.183929
35  0.0821429
35  0.0178571
35  0.0910714
35  0.169643
35  0.205357
35  0.0821429
35  0.0839286
35  0.123214
35  0.0392857
35  0.1375
35  0.119643
35  0.208929
35  0.278571
35  0.0767857
35  0.0392857
35  0.0910714
35  0.0303571
35  0.119643
35  0.205357
35  0.157143
35  0.3
35  0.0642857
35  0.0303571
35  0.248214
40  0.0734375
40  0.096875
40  0.071875
40  0.117188
40  0.167187
40  0.0625
40  0.0484375
40  0.0703125
40  0.129688
40  0.220312
40  0.189062
40  0.1
40  0.115625
40  0.078125
40  0.198437
40  0.209375
40  0.053125
40  0.175
40  0.195312
40  0.025
40  0.314063
40  0.142187
40  0.0296875
40  0.140625
40  0.09375
40  0.10625
40  0.154688
40  0.242188
40  0.0375
40  0.126562
40  0.179688
40  0.05
40  0.107813
40  0.0921875
40  0.128125
40  0.242188
40  0.084375
40  0.0484375
40  0.04375
40  0.125
45  0.0402778
45  0.105556
45  0.169444
45  0.111111
45  0.15
45  0.183333
45  0.120833
45  0.075
45  0.0680556
45  0.0486111
45  0.0625
45  0.0847222
45  0.1
45  0.0777778
45  0.391667
45  0.122222
45  0.0930556
45  0.0930556
45  0.177778
45  0.0958333
45  0.179167
45  0.120833
45  0.0277778
45  0.0652778
45  0.0541667
45  0.216667
45  0.245833
45  0.0291667
45  0.0777778
45  0.161111
45  0.0222222
45  0.143056
45  0.0486111
45  0.188889
45  0.141667
45  0.116667
45  0.115278
45  0.0208333
45  0.0930556
45  0.0958333
45  0.159722
45  0.180556
45  0.0708333
45  0.105556
45  0.0513889
50  0.24375
50  0.075
50  0.07
50  0.1425
50  0.12875
50  0.09625
50  0.105
50  0.15625
50  0.0825
50  0.12
50  0.15625
50  0.06875
50  0.11125
50  0.05625
50  0.08625
50  0.065
50  0.105
50  0.1075
50  0.11125
50  0.17375
50  0.2025
50  0.2025
50  0.09125
50  0.20625
50  0.32
50  0.01625
50  0.0475
50  0.20125
50  0.41375
50  0.12
50  0.03125
50  0.0975
50  0.28125
50  0.0975
50  0.11625
50  0.14875
50  0.10375
50  0.22125
50  0.11125
50  0.1325
50  0.0275
50  0.06875
50  0.06
50  0.04
50  0.04125
50  0.18875
50  0.06125
50  0.04875
50  0.19875
50  0.39375
55  0.168182
55  0.239773
55  0.0954545
55  0.0681818
55  0.257955
55  0.163636
55  0.0602273
55  0.172727
55  0.0670455
55  0.146591
55  0.0693182
55  0.120455
55  0.0295455
55  0.102273
55  0.160227
55  0.0488636
55  0.0670455
55  0.0670455
55  0.0920455
55  0.05
55  0.207955
55  0.0625
55  0.229545
55  0.0863636
55  0.295455
55  0.157955
55  0.156818
55  0.297727
55  0.0568182
55  0.182955
55  0.1125
55  0.0397727
55  0.0988636
55  0.267045
55  0.0818182
55  0.198864
55  0.0863636
55  0.127273
55  0.0613636
55  0.0318182
55  0.139773
55  0.109091
55  0.176136
55  0.114773
55  0.345455
55  0.05
55  0.140909
55  0.2
55  0.163636
55  0.114773
55  0.139773
55  0.0488636
55  0.190909
55  0.0636364
55  0.131818
60  0.059375
60  0.0770833
60  0.169792
60  0.159375
60  0.108333
60  0.05
60  0.164583
60  0.230208
60  0.102083
60  0.135417
60  0.1125
60  0.025
60  0.213542
60  0.283333
60  0.11875
60  0.163542
60  0.192708
60  0.0729167
60  0.0791667
60  0.151042
60  0.139583
60  0.257292
60  0.0989583
60  0.14375
60  0.15
60  0.125
60  0.140625
60  0.123958
60  0.0541667
60  0.296875
60  0.282292
60  0.134375
60  0.0427083
60  0.178125
60  0.182292
60  0.05625
60  0.096875
60  0.0489583
60  0.102083
60  0.05625
60  0.134375
60  0.244792
60  0.0572917
60  0.120833
60  0.09375
60  0.11875
60  0.0458333
60  0.191667
60  0.2125
60  0.065625
60  0.028125
60  0.0135417
60  0.291667
60  0.171875
60  0.494792
60  0.0614583
60  0.175
60  0.0291667
60  0.053125
60  0.202083
